ents1 xrand xoff yrand yoff
---------------
" " 01 00 01 00
"@" 01 15 01 15
"#" 05 10 05 07
"$" 05 35 04 09
"%" 05 09 05 06
"!" 04 36 05 04
"(" 05 24 05 08
"~" 05 30 05 13
")" 08 80 05 10
"-" 05 75 05 13
")" 06 60 02 15
"+" 05 75 05 05
---------------
ents2
---------------
" " 01 00 01 00 
"#" 05 10 05 07 
"@" 01 15 01 15
"$" 05 35 04 09 
"%" 05 09 05 06 
"!" 04 36 05 04 
"(" 05 24 05 08 
"~" 05 30 05 13
")" 08 80 05 10
"-" 05 75 05 13
")" 06 60 02 15
"+" 05 75 05 05 
---------------
ents3
---------------
" " 01 00 01 00
"@" 01 15 01 15
"#" 05 10 05 07
"$" 05 35 04 09
"%" 05 09 05 06
"!" 04 36 05 04
"(" 05 24 05 08
"~" 05 30 05 13
")" 08 80 05 10
"-" 05 75 05 13
")" 06 60 02 15
"+" 05 75 05 05
---------------
ents4
---------------
" " 01 00 01 00
"@" 01 15 01 15
"#" 05 10 05 07
"$" 05 35 04 09
"%" 05 09 05 06
"!" 04 36 05 04
"(" 05 24 05 08
"~" 05 30 05 13
")" 08 80 05 10
"-" 05 75 05 13
")" 06 60 02 15
"+" 05 75 05 05
---------------